tests/data/ref_HGT.500_mb.ENS=low-res_ctl.2023043000_2023050600.asc
ncols 720
nrows 361
xllcenter 0.000000
yllcenter -90.000000
cellsize 0.500000
NODATA_VALUE 9.999e20
[rows 288 to 311 of 361, columns 432 to 485 of 720]
5340.824219 5319.503906 5297.844238 5277.704102 5257.404297 5236.684082 5221.963867 5210.884277 5199.443848 5187.543945 5175.704102 5164.023926 5152.563965 5142.284180 5132.423828 5123.563965 5117.164062 5110.324219 5104.923828 5099.543945 5093.384277 5087.804199 5082.864258 5078.963867 5076.083984 5074.344238 5073.324219 5072.704102 5071.884277 5071.503906 5071.204102 5071.483887 5071.543945 5071.704102 5071.724121 5072.063965 5072.384277 5073.184082 5074.443848 5076.244141 5078.164062 5080.344238 5083.023926 5086.023926 5089.023926 5092.324219 5095.844238 5099.684082 5104.023926 5108.523926 5112.624023 5116.724121 5121.543945 5126.423828
5334.124023 5313.043945 5291.784180 5272.644043 5252.784180 5233.144043 5218.563965 5207.624023 5196.764160 5185.224121 5173.083984 5161.184082 5150.443848 5141.204102 5132.664062 5125.503906 5120.404297 5114.724121 5109.224121 5102.844238 5096.644043 5091.124023 5086.543945 5082.704102 5080.063965 5077.884277 5077.244141 5076.644043 5075.684082 5074.983887 5074.724121 5074.644043 5074.404297 5074.104004 5073.824219 5073.704102 5074.063965 5074.684082 5075.423828 5076.684082 5077.664062 5079.144043 5081.184082 5083.583984 5086.124023 5089.003906 5092.384277 5096.483887 5100.804199 5105.083984 5109.704102 5113.923828 5117.784180 5121.124023
5327.983887 5307.724121 5287.304199 5268.364258 5248.923828 5229.804199 5215.983887 5205.124023 5194.204102 5182.983887 5171.423828 5160.364258 5150.104004 5141.023926 5133.324219 5127.624023 5123.483887 5118.844238 5113.104004 5105.983887 5100.184082 5095.523926 5091.224121 5087.604004 5084.624023 5082.404297 5081.083984 5080.204102 5079.184082 5078.443848 5077.923828 5077.463867 5076.983887 5076.483887 5075.864258 5075.583984 5075.704102 5075.963867 5076.404297 5077.364258 5078.204102 5079.543945 5081.344238 5083.724121 5086.563965 5089.523926 5092.684082 5096.124023 5099.644043 5102.983887 5105.983887 5108.724121 5110.864258 5112.904297
5323.063965 5303.784180 5284.043945 5265.304199 5246.744141 5227.644043 5213.804199 5202.864258 5192.063965 5181.124023 5170.304199 5160.244141 5150.284180 5141.304199 5134.824219 5130.164062 5126.764160 5122.963867 5117.624023 5111.543945 5106.664062 5101.804199 5097.503906 5093.664062 5090.164062 5087.624023 5085.624023 5084.124023 5082.844238 5081.583984 5080.523926 5079.724121 5078.943848 5078.063965 5077.083984 5076.324219 5076.244141 5076.563965 5077.264160 5078.463867 5079.784180 5081.144043 5082.884277 5085.063965 5087.284180 5089.624023 5092.063965 5094.563965 5096.844238 5098.943848 5100.724121 5102.043945 5102.943848 5103.543945
5318.724121 5300.144043 5281.124023 5263.244141 5245.463867 5226.983887 5212.384277 5201.224121 5190.624023 5180.003906 5169.664062 5160.204102 5150.523926 5142.443848 5137.164062 5132.963867 5129.884277 5126.784180 5122.423828 5117.604004 5113.023926 5108.824219 5104.983887 5100.884277 5097.023926 5093.503906 5090.543945 5088.144043 5086.224121 5084.543945 5083.003906 5081.764160 5080.684082 5079.724121 5078.983887 5078.324219 5078.184082 5078.224121 5078.983887 5079.983887 5081.003906 5082.224121 5083.563965 5085.023926 5086.624023 5088.184082 5089.664062 5090.804199 5091.784180 5092.543945 5093.224121 5093.764160 5094.204102 5094.423828
5314.463867 5296.764160 5278.844238 5261.604004 5244.943848 5227.003906 5212.043945 5200.523926 5190.083984 5179.864258 5170.164062 5160.983887 5151.764160 5144.824219 5140.083984 5135.784180 5132.443848 5129.523926 5125.963867 5121.943848 5117.923828 5113.604004 5109.304199 5104.923828 5101.443848 5098.304199 5095.284180 5092.664062 5090.264160 5088.404297 5086.704102 5085.344238 5083.983887 5083.083984 5082.104004 5081.503906 5081.023926 5080.824219 5080.864258 5081.224121 5081.644043 5082.204102 5082.744141 5083.344238 5083.884277 5084.704102 5085.463867 5086.264160 5086.604004 5086.443848 5085.943848 5085.083984 5083.923828 5082.884277
5310.244141 5293.583984 5276.824219 5260.244141 5244.724121 5227.644043 5212.543945 5200.664062 5190.404297 5180.624023 5171.563965 5162.664062 5154.144043 5148.023926 5142.963867 5138.604004 5134.963867 5131.604004 5128.083984 5124.784180 5121.284180 5117.384277 5113.264160 5109.364258 5105.943848 5102.784180 5099.804199 5097.164062 5094.904297 5092.644043 5090.784180 5088.904297 5087.344238 5085.844238 5084.583984 5083.523926 5082.784180 5081.983887 5081.864258 5081.644043 5081.804199 5081.884277 5082.124023 5082.204102 5082.284180 5081.923828 5081.264160 5080.284180 5079.244141 5078.083984 5077.083984 5075.983887 5074.724121 5073.304199
5307.463867 5291.224121 5275.503906 5259.644043 5244.963867 5229.204102 5213.704102 5201.583984 5191.443848 5182.264160 5173.483887 5164.923828 5156.624023 5150.423828 5144.644043 5140.503906 5136.604004 5132.744141 5129.304199 5126.284180 5123.423828 5120.023926 5116.624023 5113.324219 5110.063965 5106.904297 5104.284180 5101.583984 5098.884277 5096.224121 5093.824219 5091.764160 5089.884277 5088.144043 5086.644043 5085.364258 5084.284180 5083.404297 5082.644043 5081.963867 5081.423828 5080.784180 5079.884277 5078.923828 5077.884277 5076.904297 5075.864258 5074.664062 5073.384277 5071.844238 5070.003906 5067.664062 5065.063965 5062.204102
5305.083984 5288.784180 5274.404297 5259.264160 5245.604004 5231.264160 5215.744141 5202.724121 5192.523926 5183.624023 5175.224121 5166.764160 5158.884277 5152.104004 5145.904297 5141.324219 5137.744141 5133.943848 5130.244141 5126.804199 5123.644043 5120.923828 5117.764160 5114.983887 5111.884277 5108.884277 5105.804199 5103.063965 5100.164062 5097.543945 5094.963867 5092.543945 5090.304199 5088.423828 5086.644043 5085.124023 5083.664062 5082.344238 5081.063965 5079.983887 5079.104004 5078.324219 5077.563965 5076.724121 5075.664062 5074.043945 5072.003906 5069.463867 5066.483887 5063.184082 5059.523926 5055.543945 5051.284180 5046.904297
5302.784180 5286.923828 5272.804199 5258.624023 5245.083984 5232.463867 5218.184082 5204.344238 5193.364258 5184.304199 5176.384277 5168.364258 5160.684082 5153.784180 5147.304199 5142.864258 5138.983887 5135.164062 5131.404297 5127.583984 5124.083984 5120.804199 5117.884277 5114.664062 5111.364258 5108.304199 5105.124023 5102.384277 5099.503906 5096.624023 5093.824219 5091.324219 5089.124023 5087.164062 5085.503906 5084.244141 5083.304199 5082.503906 5081.744141 5080.963867 5079.963867 5078.704102 5077.023926 5074.764160 5071.963867 5068.503906 5064.523926 5060.043945 5055.083984 5049.884277 5044.404297 5038.884277 5033.764160 5029.384277
5299.963867 5284.604004 5270.624023 5257.364258 5243.744141 5231.904297 5219.844238 5206.224121 5194.104004 5184.563965 5176.604004 5169.523926 5162.423828 5155.644043 5148.664062 5143.423828 5139.003906 5135.244141 5131.824219 5128.443848 5124.884277 5121.244141 5117.563965 5114.003906 5110.704102 5107.404297 5104.284180 5100.904297 5097.904297 5095.244141 5092.904297 5091.043945 5089.583984 5088.344238 5087.364258 5086.463867 5085.523926 5084.423828 5083.164062 5081.384277 5079.184082 5076.483887 5073.184082 5069.224121 5064.624023 5059.324219 5053.404297 5047.023926 5040.344238 5033.543945 5027.104004 5021.563965 5017.384277 5014.483887
5295.844238 5281.563965 5268.124023 5256.304199 5243.244141 5230.724121 5220.003906 5207.563965 5195.023926 5184.523926 5176.083984 5169.003906 5162.583984 5156.463867 5150.063965 5144.043945 5138.844238 5134.503906 5130.824219 5127.244141 5123.563965 5120.104004 5116.744141 5113.404297 5110.063965 5106.423828 5103.124023 5100.384277 5098.204102 5096.384277 5094.884277 5093.483887 5092.224121 5091.043945 5089.864258 5088.523926 5086.943848 5084.963867 5082.483887 5079.483887 5075.943848 5071.884277 5067.003906 5061.463867 5054.844238 5047.664062 5039.804199 5031.704102 5023.824219 5016.904297 5011.664062 5008.304199 5006.523926 5006.164062
5290.104004 5277.543945 5264.963867 5253.563965 5241.784180 5228.904297 5217.824219 5207.543945 5195.644043 5184.344238 5174.983887 5167.543945 5161.144043 5155.443848 5149.983887 5144.583984 5139.043945 5134.023926 5129.384277 5125.503906 5122.023926 5118.764160 5115.563965 5112.384277 5109.364258 5106.724121 5104.364258 5102.124023 5100.264160 5098.704102 5097.264160 5095.904297 5094.463867 5092.864258 5091.144043 5089.164062 5086.664062 5083.684082 5080.164062 5076.144043 5071.543945 5066.124023 5059.804199 5052.224121 5043.824219 5034.804199 5025.583984 5017.083984 5010.443848 5006.023926 5003.664062 5003.284180 5004.184082 5006.184082
5283.624023 5272.023926 5260.923828 5249.943848 5239.003906 5226.943848 5215.284180 5205.384277 5195.404297 5183.884277 5173.704102 5165.543945 5158.904297 5153.083984 5147.963867 5143.043945 5138.364258 5133.624023 5129.083984 5124.963867 5121.324219 5118.164062 5115.364258 5112.864258 5110.423828 5108.063965 5105.804199 5103.844238 5102.144043 5100.583984 5099.043945 5097.304199 5095.463867 5093.463867 5091.204102 5088.423828 5085.083984 5081.324219 5077.043945 5072.164062 5066.644043 5060.043945 5052.224121 5043.523926 5034.023926 5024.724121 5016.304199 5010.264160 5006.423828 5004.483887 5004.764160 5006.023926 5007.963867 5009.684082
5276.463867 5265.764160 5255.624023 5244.864258 5234.483887 5223.644043 5212.724121 5202.104004 5192.364258 5182.304199 5171.844238 5162.884277 5155.864258 5150.043945 5144.983887 5140.384277 5136.043945 5132.083984 5128.264160 5124.684082 5121.384277 5118.503906 5115.983887 5113.604004 5111.324219 5109.104004 5106.884277 5104.864258 5103.023926 5101.364258 5099.463867 5097.523926 5095.284180 5092.844238 5089.943848 5086.563965 5082.844238 5078.543945 5073.704102 5068.324219 5062.124023 5054.804199 5046.604004 5037.583984 5028.704102 5021.043945 5015.644043 5012.023926 5009.963867 5010.244141 5010.744141 5011.664062 5012.423828 5013.063965
5267.844238 5258.164062 5248.523926 5238.483887 5228.324219 5218.704102 5208.844238 5198.264160 5188.604004 5179.224121 5169.124023 5159.664062 5151.963867 5145.884277 5140.804199 5136.744141 5133.124023 5129.724121 5126.583984 5123.563965 5120.624023 5117.844238 5115.284180 5113.003906 5110.744141 5108.543945 5106.384277 5104.463867 5102.744141 5100.884277 5098.724121 5096.324219 5093.724121 5090.864258 5087.744141 5084.304199 5080.264160 5075.664062 5070.583984 5064.884277 5058.344238 5051.023926 5043.023926 5035.144043 5028.404297 5023.724121 5020.304199 5017.724121 5017.023926 5016.684082 5016.483887 5016.264160 5015.983887 5015.704102
5258.364258 5248.864258 5239.963867 5231.344238 5222.023926 5212.744141 5203.344238 5193.483887 5183.824219 5174.684082 5165.344238 5155.563965 5147.384277 5140.923828 5135.604004 5131.324219 5128.023926 5125.204102 5122.624023 5120.063965 5117.483887 5114.904297 5112.583984 5110.443848 5108.483887 5106.284180 5104.224121 5102.324219 5100.563965 5098.664062 5096.463867 5094.023926 5091.284180 5088.423828 5085.264160 5081.684082 5077.523926 5072.844238 5067.664062 5061.864258 5055.483887 5048.604004 5041.503906 5035.284180 5030.844238 5027.963867 5025.244141 5023.204102 5021.943848 5020.864258 5019.904297 5018.983887 5018.164062 5017.404297
5246.784180 5238.483887 5230.443848 5221.983887 5213.104004 5204.704102 5196.043945 5186.844238 5177.443848 5168.644043 5160.264160 5151.083984 5142.184082 5135.224121 5129.604004 5124.983887 5121.304199 5118.604004 5116.463867 5114.483887 5112.344238 5110.104004 5108.063965 5106.224121 5104.443848 5102.604004 5100.804199 5098.884277 5096.963867 5095.104004 5093.023926 5090.684082 5088.204102 5085.364258 5082.224121 5078.664062 5074.523926 5069.884277 5064.784180 5059.264160 5053.284180 5046.923828 5040.744141 5035.664062 5032.604004 5030.264160 5027.824219 5025.744141 5023.884277 5022.124023 5020.604004 5019.124023 5018.083984 5017.063965
5234.423828 5227.244141 5219.523926 5211.583984 5203.704102 5195.344238 5186.923828 5178.884277 5170.463867 5161.844238 5153.483887 5145.003906 5136.324219 5128.563965 5122.583984 5117.804199 5113.904297 5110.804199 5108.744141 5107.083984 5105.483887 5103.943848 5102.244141 5100.523926 5098.884277 5097.344238 5095.864258 5094.284180 5092.543945 5090.744141 5088.844238 5086.784180 5084.463867 5081.684082 5078.664062 5075.184082 5071.184082 5066.864258 5062.204102 5057.124023 5051.604004 5045.664062 5039.864258 5035.264160 5032.563965 5030.443848 5027.844238 5025.264160 5022.744141 5020.523926 5018.543945 5016.983887 5015.744141 5015.063965
5221.364258 5214.744141 5207.324219 5200.384277 5192.764160 5184.923828 5177.483887 5169.624023 5161.664062 5153.644043 5145.583984 5137.684082 5129.404297 5121.204102 5114.664062 5109.784180 5105.943848 5102.664062 5100.124023 5098.344238 5097.063965 5096.043945 5095.023926 5093.864258 5092.563965 5091.224121 5089.983887 5088.583984 5087.043945 5085.463867 5083.943848 5082.264160 5080.224121 5077.804199 5074.963867 5071.563965 5067.923828 5064.003906 5059.784180 5055.284180 5050.224121 5044.624023 5039.083984 5034.443848 5031.644043 5029.443848 5026.523926 5023.284180 5020.164062 5017.983887 5016.083984 5014.423828 5013.224121 5012.923828
5205.043945 5200.604004 5194.644043 5188.364258 5181.604004 5173.844238 5166.083984 5159.384277 5151.904297 5144.104004 5136.864258 5129.164062 5121.104004 5113.324219 5106.404297 5101.144043 5097.144043 5093.983887 5091.264160 5089.184082 5087.664062 5086.824219 5086.304199 5085.764160 5085.083984 5084.264160 5083.503906 5082.543945 5081.423828 5080.184082 5078.983887 5077.644043 5075.864258 5073.644043 5070.983887 5068.023926 5064.884277 5061.344238 5057.684082 5053.764160 5049.104004 5044.083984 5038.764160 5034.224121 5031.324219 5029.104004 5026.324219 5023.664062 5021.764160 5020.043945 5018.423828 5017.023926 5016.204102 5016.304199
5189.384277 5184.543945 5178.904297 5174.523926 5168.184082 5161.344238 5154.644043 5147.724121 5141.384277 5133.963867 5126.483887 5120.003906 5112.204102 5104.563965 5098.043945 5092.124023 5087.784180 5084.684082 5082.224121 5080.124023 5078.443848 5077.224121 5076.644043 5076.364258 5076.184082 5076.003906 5075.784180 5075.443848 5074.904297 5074.184082 5073.583984 5072.684082 5071.324219 5069.443848 5067.144043 5064.624023 5061.764160 5058.704102 5055.523926 5052.003906 5048.124023 5043.684082 5039.003906 5034.704102 5031.764160 5030.023926 5027.744141 5026.384277 5025.144043 5024.244141 5023.583984 5023.003906 5022.664062 5022.764160
5171.284180 5169.124023 5163.943848 5158.324219 5154.624023 5148.204102 5141.264160 5135.404297 5129.164062 5122.724121 5115.204102 5108.664062 5102.744141 5095.204102 5088.124023 5082.624023 5078.284180 5074.923828 5072.583984 5070.844238 5069.404297 5068.284180 5067.423828 5066.904297 5066.804199 5066.923828 5067.083984 5067.164062 5067.003906 5066.864258 5066.824219 5066.624023 5065.884277 5064.583984 5062.864258 5060.824219 5058.344238 5055.684082 5052.904297 5049.923828 5046.744141 5043.023926 5039.104004 5035.344238 5032.443848 5031.244141 5029.963867 5029.284180 5028.704102 5028.224121 5028.063965 5027.644043 5027.144043 5026.364258
5154.164062 5151.523926 5149.104004 5144.804199 5139.304199 5134.244141 5129.204102 5122.983887 5116.523926 5110.684082 5104.304199 5097.423828 5091.604004 5084.983887 5078.304199 5073.264160 5069.063965 5065.423828 5062.764160 5061.043945 5059.804199 5058.824219 5058.184082 5057.963867 5057.824219 5057.904297 5058.204102 5058.563965 5058.923828 5059.324219 5059.644043 5059.724121 5059.443848 5058.724121 5057.704102 5056.304199 5054.443848 5052.244141 5049.744141 5047.224121 5044.644043 5041.563965 5038.364258 5035.104004 5032.324219 5031.043945 5030.224121 5029.864258 5029.804199 5029.784180 5029.483887 5029.144043 5028.503906 5027.604004
