tests/data/ref_HGT.500_mb.ENS=low-res_ctl.2023043000_2023050600.asc
ncols 720
nrows 361
xllcenter 0.000000
yllcenter -90.000000
cellsize 0.500000
NODATA_VALUE 9.999e20
[rows 144 to 167 of 361, columns 0 to 53 of 720]
5906.244141 5907.543945 5906.583984 5905.604004 5904.503906 5903.923828 5904.404297 5905.204102 5905.204102 5903.344238 5903.083984 5901.923828 5901.384277 5901.204102 5899.523926 5897.003906 5897.443848 5898.344238 5898.503906 5897.503906 5896.264160 5896.344238 5896.864258 5896.943848 5896.443848 5895.804199 5894.744141 5893.543945 5891.404297 5888.844238 5888.644043 5889.443848 5887.963867 5888.744141 5887.644043 5885.704102 5884.583984 5883.684082 5883.724121 5883.804199 5883.184082 5882.164062 5881.784180 5881.423828 5880.144043 5878.864258 5878.244141 5879.023926 5879.563965 5880.224121 5881.563965 5883.423828 5885.144043 5885.503906
5905.184082 5906.284180 5905.983887 5905.124023 5904.624023 5904.124023 5904.704102 5904.804199 5904.264160 5903.003906 5902.344238 5901.164062 5900.463867 5899.664062 5899.083984 5898.304199 5897.423828 5897.904297 5898.224121 5897.104004 5895.923828 5896.184082 5896.844238 5896.744141 5896.003906 5895.284180 5894.604004 5893.164062 5890.824219 5889.624023 5891.563965 5891.543945 5890.364258 5889.124023 5888.164062 5886.904297 5886.063965 5886.023926 5886.563965 5886.503906 5885.664062 5884.443848 5883.284180 5883.003906 5882.983887 5881.543945 5881.583984 5881.684082 5882.144043 5883.224121 5884.784180 5885.824219 5886.384277 5886.704102
5906.604004 5905.724121 5904.523926 5905.043945 5903.983887 5903.463867 5904.224121 5904.563965 5903.923828 5902.104004 5899.864258 5899.104004 5898.963867 5899.304199 5898.463867 5897.284180 5896.624023 5896.503906 5897.184082 5897.443848 5896.904297 5896.443848 5895.284180 5894.824219 5894.104004 5893.384277 5892.664062 5892.043945 5891.523926 5892.824219 5893.404297 5891.304199 5889.244141 5888.784180 5888.983887 5888.744141 5888.284180 5888.164062 5887.304199 5886.104004 5885.324219 5885.063965 5885.483887 5886.124023 5886.083984 5885.023926 5884.423828 5883.824219 5883.684082 5884.404297 5885.523926 5885.644043 5886.063965 5886.344238
5904.844238 5904.684082 5904.184082 5904.804199 5903.483887 5901.884277 5901.184082 5904.244141 5903.844238 5901.744141 5899.844238 5898.963867 5899.164062 5899.523926 5898.644043 5896.463867 5896.684082 5896.364258 5896.144043 5896.144043 5894.943848 5894.204102 5894.523926 5894.844238 5893.563965 5892.063965 5891.824219 5891.443848 5890.284180 5890.983887 5891.804199 5891.463867 5890.184082 5888.864258 5888.904297 5889.563965 5889.104004 5887.724121 5887.104004 5887.164062 5887.704102 5888.003906 5888.284180 5888.864258 5888.824219 5887.604004 5886.463867 5884.864258 5884.344238 5884.324219 5883.764160 5883.423828 5884.724121 5886.003906
5903.083984 5905.104004 5904.864258 5904.664062 5903.523926 5902.023926 5899.983887 5901.483887 5901.864258 5902.364258 5900.483887 5898.804199 5898.364258 5899.324219 5898.023926 5895.904297 5896.404297 5895.824219 5894.864258 5894.503906 5894.124023 5893.904297 5893.304199 5892.664062 5891.624023 5889.963867 5889.483887 5889.023926 5888.923828 5889.864258 5889.923828 5890.003906 5889.983887 5889.664062 5890.523926 5890.583984 5888.983887 5888.824219 5889.304199 5890.043945 5889.983887 5889.463867 5889.384277 5890.264160 5890.684082 5889.063965 5887.943848 5885.503906 5882.684082 5881.824219 5882.404297 5883.764160 5886.423828 5888.744141
5905.963867 5903.963867 5904.104004 5902.844238 5902.604004 5901.884277 5901.083984 5902.204102 5900.483887 5900.144043 5899.704102 5898.404297 5897.904297 5897.684082 5897.104004 5894.963867 5895.324219 5894.664062 5894.664062 5894.003906 5893.364258 5893.844238 5893.423828 5892.523926 5890.983887 5888.943848 5888.104004 5888.364258 5887.784180 5888.264160 5889.043945 5890.284180 5891.264160 5891.804199 5892.684082 5891.604004 5890.463867 5891.083984 5891.824219 5891.983887 5891.404297 5890.744141 5890.804199 5890.604004 5890.644043 5889.923828 5888.364258 5886.204102 5885.244141 5884.563965 5884.764160 5886.304199 5889.043945 5889.983887
5904.844238 5903.563965 5903.204102 5901.884277 5902.704102 5903.624023 5904.304199 5902.884277 5900.404297 5898.983887 5899.304199 5899.384277 5898.324219 5897.003906 5896.884277 5894.443848 5894.423828 5893.884277 5894.264160 5893.864258 5892.604004 5892.624023 5891.923828 5891.063965 5890.023926 5889.204102 5888.083984 5887.784180 5888.503906 5889.284180 5890.344238 5891.744141 5892.983887 5893.684082 5893.784180 5892.804199 5891.463867 5891.983887 5892.664062 5892.523926 5891.983887 5891.443848 5890.943848 5890.284180 5889.904297 5888.543945 5887.824219 5887.624023 5887.043945 5886.364258 5886.364258 5889.224121 5891.904297 5891.824219
5904.684082 5903.003906 5901.664062 5901.824219 5902.204102 5902.423828 5902.523926 5901.503906 5899.824219 5899.364258 5899.724121 5899.404297 5899.003906 5898.503906 5896.184082 5893.704102 5893.904297 5893.503906 5893.264160 5893.023926 5892.463867 5890.983887 5890.583984 5891.104004 5890.983887 5890.744141 5889.063965 5887.423828 5889.063965 5890.083984 5891.503906 5893.443848 5894.704102 5894.724121 5894.443848 5893.864258 5892.943848 5892.804199 5893.104004 5893.083984 5892.624023 5891.744141 5891.003906 5890.204102 5889.604004 5889.884277 5889.744141 5888.704102 5887.503906 5887.124023 5888.244141 5891.184082 5892.604004 5893.063965
5901.523926 5901.644043 5901.804199 5901.864258 5899.764160 5900.224121 5899.344238 5899.164062 5900.244141 5899.503906 5899.384277 5898.563965 5898.443848 5896.943848 5895.943848 5894.244141 5893.563965 5893.244141 5892.904297 5892.404297 5890.923828 5890.563965 5891.204102 5892.324219 5892.483887 5892.604004 5891.543945 5890.364258 5888.604004 5889.164062 5892.503906 5894.164062 5894.503906 5895.104004 5895.083984 5893.884277 5893.423828 5893.404297 5893.523926 5893.644043 5892.583984 5890.923828 5890.364258 5890.684082 5891.583984 5891.224121 5889.963867 5888.523926 5887.744141 5887.583984 5890.523926 5892.923828 5892.644043 5893.043945
5900.844238 5901.684082 5901.904297 5902.184082 5900.324219 5899.244141 5900.184082 5899.264160 5899.884277 5899.904297 5900.184082 5898.744141 5898.023926 5895.864258 5895.304199 5894.184082 5893.264160 5892.744141 5892.443848 5892.164062 5891.824219 5892.624023 5894.384277 5894.364258 5893.724121 5891.583984 5891.864258 5891.284180 5889.324219 5887.904297 5891.983887 5893.983887 5893.943848 5894.684082 5894.284180 5892.943848 5893.483887 5894.604004 5894.144043 5892.923828 5890.963867 5888.884277 5888.824219 5890.284180 5890.543945 5890.884277 5890.124023 5889.043945 5888.764160 5889.563965 5890.644043 5892.684082 5892.644043 5892.884277
5899.324219 5900.483887 5897.624023 5896.264160 5895.124023 5896.063965 5897.624023 5896.344238 5897.744141 5899.284180 5898.503906 5895.963867 5895.443848 5893.923828 5892.184082 5891.284180 5892.023926 5892.543945 5892.904297 5892.963867 5892.384277 5894.003906 5896.264160 5894.384277 5894.784180 5893.503906 5893.023926 5892.443848 5892.244141 5889.043945 5890.824219 5894.463867 5894.124023 5894.364258 5894.244141 5893.043945 5892.264160 5894.443848 5894.164062 5892.543945 5891.164062 5889.864258 5889.724121 5890.503906 5889.284180 5889.523926 5888.963867 5889.043945 5889.644043 5891.264160 5891.543945 5892.344238 5893.443848 5893.543945
5899.083984 5897.724121 5897.224121 5896.364258 5894.724121 5896.684082 5897.804199 5894.244141 5896.963867 5896.884277 5895.943848 5895.364258 5893.824219 5893.684082 5889.624023 5891.204102 5890.884277 5891.264160 5892.224121 5892.104004 5891.923828 5893.324219 5895.644043 5893.963867 5895.284180 5894.423828 5893.604004 5893.503906 5892.804199 5891.104004 5890.543945 5894.023926 5894.124023 5893.824219 5893.884277 5893.443848 5891.583984 5891.244141 5890.583984 5890.144043 5890.023926 5889.904297 5890.364258 5890.784180 5889.563965 5889.264160 5889.764160 5889.164062 5888.624023 5891.023926 5892.184082 5892.764160 5893.563965 5893.724121
5896.184082 5897.904297 5896.664062 5893.563965 5893.664062 5894.523926 5893.884277 5893.304199 5894.904297 5896.003906 5894.824219 5892.824219 5891.384277 5892.164062 5888.043945 5889.224121 5889.844238 5888.983887 5890.304199 5888.923828 5890.404297 5891.704102 5893.583984 5891.764160 5893.923828 5894.404297 5893.904297 5893.523926 5892.604004 5891.604004 5890.304199 5893.043945 5892.904297 5892.083984 5892.864258 5893.884277 5893.604004 5893.164062 5892.563965 5892.744141 5891.684082 5890.844238 5890.664062 5890.684082 5890.764160 5890.503906 5890.624023 5889.864258 5888.884277 5891.003906 5892.784180 5892.483887 5893.704102 5893.644043
5896.884277 5898.344238 5898.384277 5898.624023 5896.404297 5896.684082 5893.784180 5889.764160 5888.923828 5890.144043 5891.963867 5894.904297 5893.784180 5891.104004 5887.563965 5887.523926 5886.983887 5885.043945 5885.744141 5887.184082 5887.184082 5886.983887 5888.824219 5890.344238 5891.463867 5892.744141 5892.443848 5892.384277 5892.184082 5892.144043 5890.804199 5890.364258 5889.784180 5889.003906 5890.963867 5893.284180 5893.164062 5892.804199 5892.523926 5892.503906 5891.824219 5891.043945 5890.644043 5890.604004 5891.923828 5892.463867 5891.443848 5890.583984 5890.523926 5891.503906 5892.664062 5892.583984 5893.324219 5893.423828
5897.704102 5897.784180 5897.684082 5898.164062 5893.483887 5897.003906 5894.923828 5888.344238 5884.804199 5886.704102 5889.804199 5891.724121 5889.483887 5887.604004 5887.704102 5886.824219 5887.364258 5887.724121 5885.423828 5886.104004 5887.443848 5889.043945 5890.764160 5890.104004 5891.023926 5891.443848 5891.244141 5892.824219 5893.063965 5891.804199 5891.244141 5890.164062 5890.164062 5890.244141 5890.443848 5892.244141 5891.724121 5891.404297 5891.983887 5891.744141 5890.963867 5890.184082 5889.764160 5890.804199 5892.604004 5892.244141 5891.443848 5891.704102 5891.604004 5891.684082 5892.244141 5892.624023 5894.003906 5893.664062
5898.844238 5898.624023 5895.724121 5895.184082 5891.744141 5893.523926 5892.264160 5888.983887 5890.404297 5889.164062 5888.063965 5885.844238 5884.644043 5886.983887 5889.144043 5893.204102 5891.184082 5887.724121 5887.244141 5888.104004 5888.704102 5889.784180 5889.523926 5889.184082 5889.884277 5891.483887 5890.804199 5892.083984 5893.063965 5890.864258 5888.923828 5890.224121 5890.244141 5890.244141 5890.164062 5891.704102 5890.784180 5890.684082 5891.204102 5891.043945 5890.063965 5889.704102 5889.483887 5891.204102 5892.224121 5890.704102 5890.284180 5891.164062 5891.284180 5891.543945 5891.543945 5892.423828 5893.744141 5892.983887
5900.664062 5897.304199 5896.443848 5898.264160 5894.543945 5891.304199 5890.184082 5890.364258 5891.384277 5886.684082 5884.164062 5881.764160 5884.523926 5887.724121 5889.923828 5894.083984 5892.884277 5890.744141 5890.344238 5890.304199 5890.063965 5889.344238 5887.104004 5887.943848 5891.124023 5891.264160 5889.344238 5889.144043 5889.983887 5889.563965 5889.224121 5890.724121 5890.204102 5890.543945 5889.523926 5890.284180 5889.664062 5889.884277 5890.023926 5889.563965 5889.824219 5889.624023 5887.624023 5889.164062 5890.043945 5888.483887 5887.943848 5889.583984 5889.943848 5890.104004 5890.704102 5891.824219 5892.784180 5892.023926
5899.344238 5897.503906 5899.164062 5896.904297 5898.124023 5894.184082 5892.304199 5893.284180 5893.164062 5892.204102 5884.304199 5873.864258 5881.943848 5889.224121 5892.003906 5892.003906 5892.943848 5892.943848 5893.184082 5891.604004 5889.864258 5888.923828 5888.784180 5886.884277 5887.144043 5888.664062 5886.884277 5885.784180 5886.124023 5887.264160 5889.204102 5888.604004 5889.324219 5889.083984 5888.684082 5889.083984 5889.483887 5889.824219 5889.483887 5888.963867 5889.764160 5889.423828 5887.884277 5889.304199 5889.384277 5887.644043 5886.463867 5887.184082 5887.384277 5887.884277 5888.563965 5889.083984 5889.884277 5890.764160
5896.583984 5897.523926 5899.184082 5898.204102 5896.124023 5891.963867 5891.023926 5889.764160 5890.224121 5894.344238 5893.664062 5883.443848 5883.983887 5887.864258 5886.884277 5889.164062 5894.664062 5894.204102 5894.824219 5890.443848 5888.144043 5886.583984 5884.864258 5879.144043 5882.604004 5886.543945 5885.744141 5886.264160 5885.884277 5887.043945 5887.543945 5887.804199 5887.284180 5887.284180 5888.483887 5888.764160 5889.083984 5888.963867 5888.023926 5887.784180 5888.503906 5889.904297 5890.864258 5889.923828 5888.923828 5888.023926 5886.543945 5885.744141 5885.983887 5885.724121 5886.384277 5886.604004 5887.923828 5889.164062
5892.864258 5894.204102 5896.884277 5897.503906 5894.923828 5890.284180 5890.523926 5887.844238 5891.204102 5894.224121 5893.204102 5891.304199 5879.624023 5887.744141 5892.943848 5895.083984 5892.003906 5892.344238 5892.124023 5888.923828 5889.644043 5889.684082 5882.744141 5883.644043 5882.624023 5885.764160 5885.563965 5886.884277 5887.204102 5886.844238 5886.384277 5884.664062 5883.304199 5885.604004 5886.963867 5886.764160 5887.503906 5887.483887 5887.144043 5887.644043 5888.963867 5891.344238 5891.844238 5890.864258 5889.083984 5887.784180 5886.664062 5886.844238 5887.304199 5887.144043 5886.184082 5885.583984 5886.224121 5887.284180
5889.923828 5890.624023 5893.324219 5893.844238 5892.684082 5890.983887 5890.744141 5888.324219 5891.644043 5893.503906 5891.104004 5891.184082 5887.963867 5890.824219 5891.224121 5892.104004 5891.983887 5890.563965 5890.043945 5887.523926 5887.104004 5888.144043 5885.963867 5879.824219 5882.423828 5886.724121 5886.423828 5884.804199 5886.563965 5887.483887 5885.304199 5883.483887 5882.923828 5884.943848 5884.063965 5884.543945 5885.384277 5886.423828 5887.104004 5888.344238 5890.043945 5890.884277 5890.583984 5889.384277 5888.624023 5888.164062 5887.264160 5887.443848 5888.423828 5887.503906 5886.104004 5885.364258 5885.224121 5885.304199
5891.963867 5891.503906 5892.023926 5892.003906 5891.523926 5890.543945 5889.244141 5888.523926 5889.904297 5892.164062 5891.923828 5890.923828 5889.304199 5889.483887 5890.364258 5890.943848 5890.124023 5889.824219 5890.344238 5888.824219 5886.204102 5887.563965 5884.264160 5870.463867 5881.483887 5884.963867 5882.764160 5884.503906 5885.503906 5884.583984 5881.764160 5881.943848 5883.563965 5883.704102 5883.304199 5882.983887 5883.404297 5884.943848 5886.523926 5888.624023 5888.583984 5889.124023 5888.664062 5887.844238 5887.563965 5886.963867 5886.164062 5886.483887 5887.144043 5886.604004 5885.684082 5884.824219 5884.503906 5883.543945
5892.244141 5892.043945 5892.523926 5892.264160 5891.904297 5891.104004 5889.744141 5888.523926 5888.983887 5891.043945 5891.324219 5889.784180 5889.184082 5890.063965 5890.884277 5890.943848 5890.784180 5889.764160 5887.744141 5886.184082 5887.384277 5886.963867 5888.164062 5886.404297 5884.923828 5883.824219 5883.164062 5884.884277 5884.264160 5880.983887 5878.344238 5881.604004 5883.824219 5883.104004 5883.563965 5884.284180 5884.063965 5884.503906 5884.923828 5886.164062 5887.204102 5888.264160 5886.943848 5886.983887 5887.043945 5886.664062 5885.124023 5885.304199 5886.583984 5886.644043 5885.443848 5884.364258 5883.443848 5883.043945
5892.604004 5892.204102 5892.604004 5892.684082 5891.744141 5890.664062 5889.704102 5888.904297 5888.943848 5888.804199 5887.724121 5887.043945 5888.164062 5890.043945 5890.644043 5891.063965 5890.244141 5888.164062 5885.744141 5885.644043 5886.463867 5885.963867 5888.144043 5887.983887 5886.844238 5888.284180 5884.884277 5882.063965 5881.144043 5882.983887 5882.264160 5882.384277 5880.744141 5882.443848 5885.624023 5887.244141 5885.043945 5883.804199 5884.784180 5885.804199 5886.043945 5886.884277 5886.604004 5886.344238 5885.923828 5885.904297 5884.443848 5885.264160 5886.844238 5885.563965 5884.063965 5883.904297 5884.204102 5883.664062
