tests/data/ref_HGT.500_mb.ENS=low-res_ctl.2023043000_2023050600.asc
ncols 720
nrows 361
xllcenter 0.000000
yllcenter -90.000000
cellsize 0.500000
NODATA_VALUE 9.999e20
[rows 216 to 239 of 361, columns 162 to 215 of 720]
5845.904297 5844.304199 5843.583984 5842.764160 5842.483887 5842.304199 5841.784180 5841.384277 5841.023926 5840.483887 5839.224121 5838.244141 5837.684082 5836.784180 5835.724121 5835.304199 5834.804199 5834.144043 5833.804199 5833.264160 5832.644043 5832.264160 5831.864258 5831.664062 5831.364258 5831.023926 5831.104004 5830.804199 5830.164062 5830.023926 5828.904297 5828.604004 5827.904297 5826.884277 5826.023926 5825.563965 5825.204102 5824.684082 5824.284180 5823.923828 5823.664062 5823.423828 5823.144043 5822.963867 5823.284180 5823.624023 5824.083984 5824.423828 5824.164062 5823.804199 5823.443848 5822.884277 5822.184082 5821.523926
5844.684082 5843.804199 5843.264160 5842.423828 5842.184082 5841.844238 5841.224121 5840.824219 5839.724121 5838.344238 5837.604004 5836.563965 5835.483887 5834.543945 5833.744141 5833.184082 5832.483887 5831.784180 5831.184082 5830.543945 5829.884277 5829.284180 5828.744141 5828.344238 5827.923828 5827.284180 5827.083984 5826.624023 5826.003906 5826.204102 5825.784180 5825.164062 5824.563965 5824.063965 5822.884277 5822.023926 5821.704102 5821.443848 5821.164062 5820.724121 5820.404297 5820.344238 5820.404297 5820.284180 5820.144043 5819.983887 5820.364258 5821.144043 5821.264160 5820.884277 5820.164062 5819.144043 5818.023926 5817.063965
5844.784180 5844.083984 5843.164062 5842.164062 5841.404297 5840.764160 5840.043945 5839.804199 5838.344238 5836.724121 5835.844238 5834.324219 5833.144043 5832.043945 5831.204102 5830.423828 5830.224121 5829.804199 5828.764160 5828.003906 5827.384277 5826.904297 5826.124023 5825.423828 5824.804199 5824.503906 5824.244141 5824.184082 5823.104004 5822.463867 5822.583984 5822.104004 5822.063965 5821.404297 5820.483887 5819.684082 5819.324219 5819.224121 5818.923828 5818.404297 5817.864258 5817.543945 5817.604004 5817.644043 5817.404297 5817.204102 5817.583984 5817.844238 5817.404297 5816.704102 5815.884277 5814.724121 5813.404297 5812.324219
5843.664062 5842.563965 5841.684082 5840.864258 5839.983887 5839.523926 5838.724121 5837.724121 5835.943848 5835.063965 5833.563965 5832.164062 5831.244141 5830.083984 5829.023926 5828.583984 5828.244141 5827.604004 5826.404297 5825.483887 5824.784180 5824.543945 5823.644043 5823.244141 5822.824219 5822.224121 5821.483887 5821.124023 5820.483887 5819.943848 5819.884277 5819.744141 5820.124023 5819.244141 5818.563965 5818.003906 5817.523926 5817.144043 5816.624023 5815.784180 5815.224121 5814.943848 5814.864258 5814.644043 5814.144043 5813.784180 5814.003906 5813.563965 5812.624023 5812.003906 5811.443848 5810.503906 5809.324219 5808.404297
5841.344238 5840.543945 5840.144043 5839.804199 5839.083984 5838.224121 5837.144043 5835.443848 5833.744141 5832.864258 5831.284180 5830.204102 5829.284180 5828.164062 5827.264160 5826.804199 5825.724121 5825.083984 5824.543945 5823.824219 5823.043945 5822.644043 5821.804199 5821.563965 5820.904297 5820.144043 5819.583984 5819.164062 5818.664062 5818.063965 5817.884277 5817.923828 5817.684082 5816.543945 5815.624023 5815.324219 5815.043945 5814.423828 5813.543945 5812.744141 5812.503906 5812.324219 5811.664062 5811.184082 5810.664062 5810.104004 5809.423828 5808.483887 5807.563965 5807.164062 5807.003906 5806.324219 5804.724121 5804.224121
5839.583984 5839.164062 5838.764160 5838.124023 5837.204102 5836.063965 5834.324219 5832.543945 5831.404297 5830.264160 5829.304199 5828.704102 5827.543945 5826.483887 5825.483887 5824.864258 5824.124023 5823.463867 5822.704102 5822.104004 5821.404297 5820.844238 5820.144043 5819.604004 5818.764160 5817.904297 5818.124023 5817.923828 5817.364258 5816.904297 5816.923828 5816.304199 5815.344238 5814.624023 5813.983887 5813.423828 5812.943848 5812.043945 5810.884277 5809.144043 5809.324219 5808.684082 5808.043945 5807.364258 5806.704102 5806.063965 5805.144043 5803.744141 5802.604004 5802.443848 5801.844238 5801.244141 5800.144043 5799.443848
5838.664062 5838.184082 5837.304199 5836.503906 5835.324219 5833.483887 5831.563965 5830.063965 5828.864258 5828.124023 5827.784180 5826.724121 5825.364258 5824.284180 5823.384277 5822.864258 5822.624023 5821.983887 5821.043945 5820.423828 5820.003906 5819.443848 5818.824219 5817.864258 5817.364258 5816.583984 5816.824219 5816.324219 5815.744141 5815.604004 5815.224121 5813.943848 5813.324219 5812.904297 5812.204102 5811.003906 5810.364258 5809.244141 5807.904297 5805.463867 5805.804199 5805.204102 5804.583984 5803.184082 5802.384277 5801.624023 5800.764160 5799.463867 5798.164062 5797.184082 5796.644043 5795.244141 5794.364258 5793.844238
5836.764160 5835.963867 5834.664062 5833.264160 5832.124023 5830.164062 5828.384277 5827.184082 5826.204102 5825.604004 5825.684082 5824.483887 5823.624023 5822.744141 5822.043945 5821.423828 5820.923828 5820.483887 5819.844238 5819.224121 5818.804199 5818.404297 5818.124023 5817.543945 5816.583984 5816.204102 5815.704102 5815.364258 5814.503906 5813.764160 5813.023926 5812.284180 5811.563965 5811.164062 5809.923828 5808.483887 5807.583984 5806.443848 5804.784180 5802.264160 5800.844238 5800.023926 5800.264160 5798.704102 5797.664062 5796.563965 5795.844238 5794.503906 5793.224121 5791.844238 5790.983887 5790.104004 5789.423828 5788.404297
5834.904297 5833.364258 5831.844238 5829.904297 5829.284180 5827.404297 5826.264160 5825.483887 5824.684082 5823.963867 5824.344238 5823.104004 5822.204102 5821.404297 5820.704102 5820.144043 5819.664062 5819.284180 5818.824219 5818.204102 5817.884277 5817.963867 5817.923828 5817.284180 5816.324219 5815.764160 5814.583984 5813.884277 5812.864258 5811.744141 5811.404297 5810.764160 5809.503906 5808.543945 5807.364258 5806.124023 5804.844238 5803.784180 5802.384277 5799.864258 5797.604004 5796.423828 5796.384277 5795.043945 5793.443848 5791.983887 5791.003906 5789.664062 5788.483887 5787.063965 5785.764160 5784.764160 5784.023926 5783.523926
5832.443848 5830.904297 5829.364258 5827.463867 5826.943848 5825.884277 5824.923828 5824.384277 5823.104004 5822.164062 5822.224121 5821.324219 5820.664062 5820.164062 5819.563965 5819.144043 5818.864258 5818.463867 5817.983887 5817.563965 5817.604004 5817.624023 5817.264160 5816.423828 5815.463867 5814.563965 5813.423828 5812.664062 5811.704102 5810.704102 5809.844238 5808.983887 5807.664062 5806.364258 5805.063965 5803.824219 5802.483887 5801.224121 5799.983887 5797.664062 5795.463867 5793.684082 5792.764160 5791.503906 5789.684082 5787.963867 5786.344238 5784.764160 5783.364258 5781.864258 5780.463867 5779.463867 5778.443848 5777.963867
5830.003906 5828.644043 5827.124023 5825.884277 5824.704102 5823.963867 5823.624023 5822.904297 5821.704102 5821.023926 5820.704102 5820.563965 5819.923828 5819.304199 5818.804199 5818.563965 5818.543945 5818.384277 5817.904297 5817.443848 5817.063965 5816.704102 5816.503906 5815.864258 5814.724121 5813.684082 5812.784180 5811.864258 5810.724121 5809.483887 5808.144043 5806.824219 5805.724121 5804.443848 5803.164062 5801.644043 5800.063965 5798.463867 5796.983887 5795.043945 5793.104004 5791.164062 5789.563965 5787.704102 5785.804199 5783.983887 5781.983887 5780.224121 5778.463867 5776.923828 5775.264160 5773.943848 5772.844238 5771.943848
5828.003906 5826.963867 5825.744141 5824.664062 5823.824219 5822.604004 5822.503906 5822.083984 5821.224121 5820.543945 5820.284180 5820.384277 5819.864258 5818.963867 5818.304199 5818.083984 5818.324219 5818.144043 5817.983887 5817.284180 5816.583984 5816.124023 5815.983887 5815.364258 5814.204102 5813.224121 5812.083984 5810.404297 5808.923828 5807.404297 5806.104004 5805.083984 5804.204102 5803.224121 5801.604004 5799.983887 5797.983887 5795.963867 5794.284180 5792.583984 5790.523926 5788.483887 5786.304199 5783.804199 5781.724121 5779.844238 5777.784180 5776.164062 5774.463867 5772.664062 5771.083984 5769.344238 5768.204102 5767.003906
5826.244141 5825.563965 5824.583984 5823.324219 5822.583984 5821.664062 5820.824219 5820.583984 5820.384277 5819.884277 5819.503906 5819.543945 5819.043945 5818.304199 5818.224121 5818.304199 5818.463867 5817.864258 5817.384277 5816.404297 5816.003906 5815.764160 5815.244141 5814.344238 5813.384277 5812.083984 5810.563965 5808.904297 5807.124023 5805.684082 5804.543945 5803.884277 5803.244141 5801.724121 5799.983887 5797.923828 5795.804199 5793.804199 5791.804199 5789.664062 5787.404297 5785.404297 5783.184082 5780.684082 5778.523926 5776.563965 5774.344238 5772.523926 5770.784180 5768.824219 5767.144043 5765.404297 5763.824219 5762.304199
5825.023926 5824.284180 5823.344238 5822.284180 5821.443848 5820.523926 5819.704102 5819.164062 5818.963867 5818.824219 5818.423828 5818.124023 5818.124023 5817.884277 5817.923828 5818.563965 5818.804199 5817.764160 5816.384277 5815.664062 5815.284180 5815.043945 5814.304199 5813.384277 5812.124023 5810.864258 5809.404297 5807.563965 5805.804199 5804.463867 5803.624023 5803.003906 5801.744141 5799.764160 5797.744141 5795.704102 5793.844238 5791.963867 5789.824219 5787.724121 5785.443848 5783.124023 5780.844238 5778.624023 5776.023926 5773.384277 5770.923828 5768.443848 5766.284180 5764.144043 5762.324219 5760.463867 5758.543945 5757.244141
5823.644043 5822.943848 5821.943848 5820.784180 5819.784180 5819.144043 5818.404297 5817.943848 5817.784180 5817.104004 5816.364258 5816.104004 5816.784180 5817.003906 5817.023926 5817.844238 5817.943848 5817.083984 5815.904297 5815.224121 5814.904297 5813.943848 5813.324219 5812.583984 5811.324219 5809.824219 5808.023926 5806.204102 5804.844238 5803.604004 5802.384277 5801.023926 5799.384277 5797.624023 5795.804199 5793.844238 5792.023926 5790.344238 5788.463867 5786.284180 5783.704102 5780.943848 5778.423828 5775.764160 5773.023926 5770.284180 5767.624023 5764.923828 5762.583984 5759.983887 5757.804199 5755.784180 5753.804199 5752.204102
5822.144043 5821.463867 5820.784180 5819.864258 5818.844238 5817.864258 5816.784180 5816.124023 5815.983887 5815.884277 5815.244141 5814.443848 5814.904297 5815.624023 5815.764160 5816.344238 5816.604004 5816.003906 5815.144043 5814.563965 5814.003906 5812.824219 5811.963867 5811.604004 5810.523926 5808.804199 5807.003906 5805.164062 5803.704102 5802.324219 5801.023926 5799.563965 5797.483887 5795.744141 5794.443848 5792.864258 5791.204102 5789.083984 5786.864258 5784.304199 5781.804199 5779.124023 5776.324219 5773.483887 5770.344238 5767.184082 5764.224121 5761.404297 5758.563965 5755.543945 5753.184082 5750.923828 5748.543945 5746.983887
5821.324219 5820.483887 5819.943848 5819.124023 5817.744141 5816.644043 5815.384277 5814.463867 5813.983887 5814.083984 5814.104004 5813.684082 5813.764160 5814.364258 5814.684082 5814.943848 5815.184082 5814.864258 5814.244141 5813.844238 5813.244141 5812.023926 5810.904297 5810.204102 5809.324219 5807.704102 5805.664062 5804.184082 5802.624023 5801.003906 5799.503906 5797.604004 5795.963867 5794.983887 5793.684082 5791.644043 5789.624023 5787.764160 5785.764160 5783.204102 5780.583984 5777.844238 5774.684082 5771.284180 5767.764160 5764.204102 5760.724121 5757.324219 5753.983887 5750.624023 5747.844238 5745.483887 5743.563965 5742.104004
5821.023926 5820.043945 5818.904297 5817.503906 5816.003906 5814.963867 5814.124023 5813.523926 5812.963867 5812.224121 5812.204102 5812.483887 5812.724121 5813.063965 5813.543945 5813.784180 5813.764160 5813.324219 5812.844238 5813.043945 5812.644043 5811.104004 5809.864258 5809.043945 5807.784180 5805.724121 5804.144043 5803.124023 5801.563965 5799.724121 5798.244141 5796.844238 5795.543945 5794.284180 5792.523926 5790.724121 5789.023926 5787.124023 5784.724121 5781.704102 5778.864258 5776.003906 5772.543945 5768.884277 5765.104004 5761.104004 5756.704102 5752.344238 5748.384277 5745.104004 5742.724121 5740.503906 5739.384277 5738.364258
5819.684082 5818.543945 5817.244141 5816.043945 5814.764160 5813.684082 5812.744141 5812.324219 5812.003906 5811.423828 5810.864258 5811.063965 5811.083984 5811.543945 5812.023926 5812.543945 5812.644043 5812.003906 5811.764160 5812.063965 5811.563965 5809.804199 5808.583984 5807.804199 5806.184082 5803.744141 5802.344238 5801.284180 5799.844238 5798.604004 5797.463867 5796.443848 5795.224121 5793.604004 5792.164062 5790.604004 5788.624023 5786.543945 5783.764160 5780.764160 5777.724121 5774.083984 5770.304199 5766.543945 5761.664062 5756.943848 5751.963867 5747.503906 5743.503906 5741.023926 5738.963867 5737.284180 5736.523926 5736.204102
5817.624023 5816.624023 5815.244141 5814.043945 5813.244141 5812.724121 5811.864258 5811.144043 5810.923828 5810.264160 5809.684082 5810.144043 5810.244141 5810.463867 5810.404297 5811.144043 5811.684082 5811.104004 5811.124023 5811.184082 5810.164062 5808.624023 5807.423828 5806.304199 5804.344238 5802.543945 5801.144043 5799.704102 5798.324219 5797.083984 5796.124023 5795.523926 5794.463867 5793.324219 5792.324219 5790.684082 5788.423828 5785.864258 5782.864258 5779.963867 5776.523926 5773.164062 5768.844238 5763.923828 5758.224121 5752.844238 5747.923828 5743.804199 5740.423828 5738.224121 5736.324219 5735.124023 5735.083984 5734.604004
5814.804199 5814.483887 5813.784180 5812.503906 5811.583984 5811.043945 5809.963867 5809.364258 5809.624023 5809.604004 5808.384277 5807.604004 5808.104004 5809.063965 5809.724121 5810.204102 5809.543945 5808.983887 5809.744141 5810.164062 5809.704102 5808.204102 5806.503906 5804.824219 5803.204102 5801.404297 5799.923828 5798.483887 5797.204102 5796.124023 5795.724121 5795.404297 5794.284180 5793.023926 5791.784180 5789.764160 5787.604004 5785.304199 5782.344238 5779.144043 5775.864258 5771.583984 5766.003906 5760.344238 5754.824219 5749.604004 5745.264160 5741.624023 5738.264160 5736.063965 5734.744141 5733.844238 5733.224121 5732.503906
5811.344238 5811.184082 5811.624023 5811.583984 5810.483887 5809.503906 5808.164062 5807.344238 5806.943848 5807.664062 5807.423828 5806.684082 5806.624023 5806.844238 5807.844238 5809.164062 5808.624023 5807.684082 5807.543945 5807.604004 5807.063965 5806.364258 5805.224121 5804.043945 5802.324219 5800.384277 5799.344238 5797.983887 5796.904297 5796.144043 5795.404297 5794.943848 5793.624023 5792.104004 5790.744141 5788.884277 5786.963867 5784.844238 5781.784180 5778.224121 5774.264160 5769.023926 5763.523926 5757.963867 5752.003906 5747.043945 5742.784180 5739.284180 5736.404297 5734.244141 5733.563965 5732.923828 5731.583984 5730.523926
5808.244141 5808.144043 5808.523926 5808.664062 5807.983887 5807.244141 5806.344238 5806.144043 5805.543945 5805.624023 5805.083984 5804.824219 5805.244141 5805.604004 5806.063965 5807.344238 5807.884277 5807.264160 5806.083984 5805.423828 5804.764160 5804.043945 5803.003906 5802.104004 5800.963867 5800.104004 5799.003906 5797.384277 5796.904297 5796.523926 5795.583984 5794.684082 5792.963867 5791.003906 5789.963867 5788.744141 5787.023926 5784.244141 5780.543945 5776.884277 5772.644043 5767.404297 5762.023926 5756.023926 5750.204102 5745.404297 5740.724121 5737.204102 5734.204102 5732.244141 5732.204102 5731.764160 5729.943848 5728.904297
5804.824219 5805.164062 5805.563965 5805.983887 5805.364258 5804.983887 5804.264160 5804.083984 5803.704102 5803.844238 5803.324219 5802.523926 5802.943848 5803.784180 5803.844238 5804.543945 5805.443848 5805.764160 5804.904297 5804.043945 5803.644043 5803.264160 5802.003906 5800.423828 5799.063965 5798.463867 5797.604004 5796.284180 5796.023926 5795.943848 5795.384277 5794.364258 5792.704102 5791.443848 5790.423828 5788.644043 5786.023926 5782.784180 5779.364258 5775.824219 5771.523926 5766.164062 5760.604004 5754.943848 5749.463867 5743.784180 5738.583984 5734.604004 5731.644043 5730.264160 5730.244141 5730.543945 5728.943848 5728.124023
