tests/data/ref_HGT.500_mb.ENS=low-res_ctl.2023043000_2023050600.asc
ncols 720
nrows 361
xllcenter 0.000000
yllcenter -90.000000
cellsize 0.500000
NODATA_VALUE 9.999e20
[rows 312 to 335 of 361, columns 648 to 701 of 720]
4873.304199 4867.003906 4860.624023 4854.204102 4848.023926 4842.684082 4838.483887 4835.124023 4833.043945 4831.463867 4830.043945 4829.003906 4827.923828 4828.043945 4829.184082 4830.523926 4832.144043 4834.864258 4839.063965 4844.063965 4849.604004 4855.604004 4862.083984 4868.784180 4875.023926 4881.483887 4888.563965 4895.923828 4903.164062 4910.063965 4916.583984 4922.744141 4928.784180 4934.904297 4940.923828 4946.563965 4951.784180 4957.023926 4962.063965 4967.104004 4972.144043 4976.923828 4981.523926 4985.884277 4990.503906 4995.664062 5001.184082 5006.824219 5012.583984 5018.404297 5024.043945 5029.624023 5035.463867 5041.804199
4864.384277 4858.224121 4851.624023 4845.443848 4840.164062 4835.304199 4831.664062 4829.503906 4828.624023 4827.644043 4826.284180 4825.063965 4823.904297 4823.724121 4824.804199 4826.423828 4828.023926 4830.204102 4833.784180 4838.384277 4843.463867 4848.943848 4854.864258 4861.264160 4867.844238 4874.284180 4880.664062 4887.864258 4895.264160 4902.563965 4909.563965 4916.304199 4922.744141 4929.063965 4935.344238 4941.463867 4947.224121 4952.704102 4958.003906 4963.144043 4968.344238 4973.563965 4978.724121 4983.804199 4988.764160 4993.943848 4999.164062 5004.463867 5009.963867 5015.684082 5021.503906 5027.384277 5033.364258 5039.583984
4856.503906 4850.463867 4844.083984 4838.983887 4834.384277 4830.083984 4827.463867 4826.583984 4826.043945 4825.324219 4824.144043 4822.664062 4821.404297 4820.844238 4821.543945 4823.124023 4824.943848 4826.784180 4829.264160 4833.124023 4837.983887 4843.284180 4848.644043 4854.423828 4860.784180 4867.124023 4873.324219 4879.824219 4887.104004 4894.664062 4902.063965 4909.224121 4916.124023 4922.824219 4929.364258 4935.824219 4942.104004 4948.104004 4953.764160 4959.063965 4964.304199 4969.604004 4975.023926 4980.543945 4986.164062 4991.764160 4997.244141 5002.744141 5008.364258 5014.083984 5019.804199 5025.704102 5031.744141 5037.983887
4849.983887 4844.324219 4838.963867 4834.963867 4831.083984 4827.523926 4825.644043 4825.023926 4824.644043 4824.164062 4823.244141 4822.063965 4820.824219 4819.923828 4819.943848 4820.904297 4822.503906 4824.423828 4826.404297 4829.083984 4832.804199 4837.384277 4842.583984 4848.124023 4854.023926 4860.204102 4866.463867 4872.664062 4879.224121 4886.423828 4894.144043 4901.904297 4909.284180 4916.284180 4923.104004 4929.884277 4936.423828 4942.764160 4948.904297 4954.764160 4960.264160 4965.644043 4971.144043 4976.784180 4982.503906 4988.284180 4994.043945 4999.923828 5005.824219 5011.664062 5017.563965 5023.604004 5029.744141 5035.963867
4844.423828 4839.304199 4834.904297 4831.824219 4828.943848 4826.164062 4824.503906 4823.744141 4823.384277 4823.023926 4822.543945 4822.003906 4821.324219 4820.604004 4820.104004 4820.063965 4820.784180 4822.404297 4824.463867 4826.704102 4829.063965 4832.463867 4836.904297 4841.824219 4846.963867 4852.744141 4859.063965 4865.443848 4871.744141 4878.384277 4885.764160 4893.724121 4901.804199 4909.344238 4916.443848 4923.483887 4930.443848 4937.063965 4943.503906 4949.804199 4955.864258 4961.684082 4967.364258 4972.963867 4978.624023 4984.364258 4990.224121 4996.184082 5002.184082 5008.224121 5014.384277 5020.624023 5026.804199 5032.884277
4839.003906 4834.463867 4830.784180 4828.304199 4826.184082 4824.063965 4822.543945 4821.503906 4820.923828 4820.664062 4820.543945 4820.443848 4820.344238 4820.324219 4820.344238 4820.503906 4820.563965 4821.043945 4822.104004 4823.904297 4826.404297 4829.104004 4832.144043 4835.963867 4840.664062 4845.824219 4851.244141 4857.364258 4864.043945 4870.804199 4877.503906 4884.923828 4893.104004 4901.443848 4909.204102 4916.583984 4923.844238 4930.963867 4937.744141 4944.344238 4950.764160 4957.043945 4963.244141 4969.204102 4975.003906 4980.764160 4986.563965 4992.404297 4998.244141 5004.144043 5010.224121 5016.583984 5022.844238 5029.063965
4833.624023 4829.543945 4826.284180 4823.764160 4821.963867 4820.563965 4819.144043 4817.884277 4817.023926 4816.503906 4816.264160 4816.264160 4816.404297 4816.644043 4817.043945 4817.483887 4818.104004 4818.904297 4819.844238 4820.963867 4822.364258 4824.503906 4827.423828 4830.764160 4834.523926 4839.104004 4844.304199 4849.824219 4855.784180 4862.563965 4869.644043 4876.704102 4883.963867 4892.164062 4900.583984 4908.724121 4916.443848 4924.003906 4931.384277 4938.543945 4945.304199 4951.864258 4958.244141 4964.463867 4970.704102 4976.943848 4983.104004 4989.164062 4994.943848 5000.664062 5006.443848 5012.344238 5018.324219 5024.304199
4828.184082 4824.744141 4821.664062 4819.144043 4817.184082 4815.483887 4814.083984 4812.864258 4811.744141 4810.864258 4810.184082 4809.884277 4809.804199 4809.864258 4810.164062 4810.664062 4811.463867 4812.583984 4813.963867 4815.404297 4817.023926 4819.063965 4821.483887 4824.563965 4828.304199 4832.344238 4836.804199 4842.164062 4847.983887 4854.244141 4861.423828 4868.624023 4875.724121 4883.023926 4891.304199 4899.804199 4908.244141 4916.423828 4924.244141 4931.864258 4939.344238 4946.543945 4953.404297 4959.884277 4966.204102 4972.563965 4978.943848 4985.284180 4991.344238 4997.304199 5003.204102 5008.904297 5014.543945 5020.204102
4822.943848 4819.784180 4816.844238 4814.204102 4811.884277 4809.724121 4807.684082 4805.684082 4803.764160 4802.204102 4801.124023 4800.463867 4800.083984 4799.983887 4800.224121 4800.744141 4801.543945 4802.604004 4803.983887 4805.923828 4808.244141 4810.904297 4814.023926 4817.244141 4820.704102 4824.864258 4829.463867 4834.284180 4839.704102 4845.844238 4852.604004 4860.104004 4867.583984 4874.983887 4882.543945 4890.864258 4899.483887 4908.164062 4916.583984 4924.704102 4932.503906 4940.124023 4947.563965 4954.764160 4961.604004 4968.083984 4974.503906 4980.923828 4987.164062 4993.404297 4999.624023 5005.523926 5011.204102 5016.804199
4817.824219 4814.543945 4811.284180 4808.083984 4805.124023 4802.344238 4799.644043 4797.023926 4795.043945 4793.583984 4792.124023 4790.824219 4789.784180 4789.284180 4789.124023 4789.423828 4790.184082 4791.244141 4792.824219 4794.904297 4797.423828 4800.463867 4803.963867 4807.844238 4812.003906 4816.443848 4821.324219 4826.684082 4832.104004 4837.644043 4844.104004 4851.344238 4859.204102 4867.003906 4874.664062 4882.423828 4890.904297 4899.543945 4908.204102 4916.943848 4925.384277 4933.423828 4941.003906 4948.543945 4955.983887 4962.884277 4969.583984 4976.144043 4982.503906 4988.824219 4995.104004 5001.083984 5006.904297 5012.604004
4812.923828 4809.244141 4805.483887 4801.884277 4798.664062 4795.604004 4792.684082 4790.604004 4788.483887 4785.744141 4783.204102 4780.963867 4779.244141 4777.983887 4777.164062 4777.023926 4777.523926 4778.804199 4780.744141 4783.244141 4786.503906 4789.983887 4793.744141 4798.164062 4802.864258 4807.764160 4813.003906 4818.563965 4824.604004 4830.423828 4836.324219 4843.164062 4850.764160 4858.864258 4866.824219 4874.824219 4882.983887 4891.124023 4899.624023 4908.583984 4917.503906 4926.124023 4934.164062 4941.824219 4949.284180 4956.483887 4963.284180 4969.884277 4976.284180 4982.344238 4988.304199 4994.224121 5000.164062 5006.063965
4808.563965 4804.684082 4800.904297 4797.324219 4794.023926 4790.884277 4788.104004 4784.804199 4781.003906 4777.264160 4773.923828 4771.384277 4769.023926 4767.023926 4765.824219 4765.224121 4765.664062 4766.604004 4768.104004 4770.963867 4774.724121 4779.264160 4783.904297 4788.704102 4793.963867 4799.364258 4804.923828 4810.923828 4817.224121 4823.724121 4829.884277 4836.184082 4843.523926 4851.244141 4859.184082 4867.404297 4875.583984 4883.543945 4891.644043 4900.104004 4909.344238 4918.404297 4927.204102 4935.043945 4942.523926 4949.644043 4956.503906 4963.404297 4970.384277 4976.884277 4983.463867 4989.824219 4995.704102 5001.704102
4806.063965 4802.204102 4798.404297 4794.704102 4791.244141 4787.904297 4783.844238 4779.684082 4775.443848 4771.804199 4768.784180 4765.543945 4762.543945 4761.003906 4759.724121 4758.624023 4758.503906 4758.884277 4759.684082 4761.523926 4765.523926 4770.563965 4776.023926 4781.523926 4787.083984 4792.804199 4798.563965 4804.404297 4811.164062 4817.923828 4824.463867 4830.943848 4837.644043 4845.104004 4852.824219 4860.724121 4868.983887 4877.164062 4885.204102 4893.344238 4901.644043 4910.543945 4919.364258 4927.784180 4935.523926 4942.943848 4950.063965 4957.184082 4964.284180 4971.023926 4978.003906 4984.384277 4989.923828 4995.364258
4805.063965 4801.104004 4797.224121 4793.583984 4789.923828 4786.043945 4781.963867 4777.844238 4774.304199 4770.904297 4767.324219 4763.963867 4761.124023 4758.364258 4755.604004 4753.724121 4752.644043 4753.404297 4755.063965 4758.003906 4762.443848 4767.764160 4773.063965 4778.423828 4784.003906 4789.644043 4795.204102 4801.083984 4807.164062 4813.724121 4820.324219 4826.864258 4833.344238 4840.063965 4847.764160 4855.604004 4863.604004 4871.884277 4880.204102 4888.023926 4895.483887 4902.644043 4910.804199 4919.324219 4927.884277 4935.784180 4942.804199 4949.644043 4956.384277 4963.083984 4969.983887 4976.344238 4982.604004 4987.884277
4805.184082 4801.503906 4797.844238 4794.423828 4790.904297 4787.023926 4783.204102 4779.764160 4776.604004 4773.624023 4770.844238 4768.304199 4766.604004 4764.744141 4762.483887 4760.523926 4760.284180 4760.724121 4761.983887 4764.664062 4768.344238 4772.063965 4776.063965 4780.604004 4785.344238 4790.083984 4795.124023 4800.384277 4806.023926 4811.923828 4818.443848 4824.943848 4831.244141 4838.043945 4845.144043 4852.583984 4860.063965 4867.543945 4874.983887 4882.344238 4889.144043 4895.523926 4902.003906 4908.983887 4917.284180 4925.704102 4933.904297 4941.104004 4948.063965 4955.284180 4962.184082 4968.324219 4975.384277 4981.664062
4806.784180 4803.483887 4800.224121 4797.043945 4793.744141 4790.164062 4786.764160 4783.963867 4781.384277 4778.943848 4776.724121 4775.264160 4774.204102 4773.483887 4772.904297 4772.463867 4772.264160 4772.583984 4773.503906 4774.943848 4777.083984 4779.523926 4782.423828 4785.724121 4789.304199 4793.244141 4797.563965 4802.443848 4807.604004 4813.204102 4819.164062 4825.644043 4832.083984 4838.624023 4845.304199 4852.083984 4858.983887 4865.943848 4873.284180 4880.904297 4888.764160 4895.784180 4902.344238 4907.884277 4913.923828 4921.284180 4928.744141 4935.304199 4941.963867 4949.023926 4956.083984 4962.704102 4969.483887 4975.704102
4809.644043 4806.724121 4803.923828 4801.164062 4798.184082 4795.043945 4792.063965 4789.824219 4787.943848 4786.144043 4784.384277 4782.904297 4781.704102 4780.983887 4780.543945 4780.604004 4780.844238 4781.483887 4782.324219 4783.604004 4785.083984 4787.043945 4789.304199 4792.023926 4795.043945 4798.404297 4802.324219 4806.744141 4811.624023 4816.764160 4822.583984 4828.604004 4834.384277 4840.344238 4846.923828 4853.463867 4859.824219 4866.384277 4873.184082 4879.824219 4886.624023 4894.364258 4902.224121 4908.184082 4913.904297 4921.304199 4927.983887 4934.523926 4940.704102 4946.844238 4953.104004 4959.164062 4964.563965 4969.244141
4813.104004 4810.744141 4808.583984 4806.384277 4803.764160 4801.083984 4798.804199 4797.023926 4795.624023 4794.304199 4793.144043 4792.043945 4791.063965 4790.264160 4790.003906 4789.983887 4790.244141 4790.724121 4791.563965 4792.644043 4794.083984 4795.764160 4797.844238 4800.224121 4802.884277 4805.943848 4809.483887 4813.384277 4817.604004 4822.083984 4826.844238 4831.704102 4836.563965 4842.083984 4847.904297 4853.384277 4858.804199 4864.423828 4869.943848 4875.284180 4880.784180 4887.583984 4894.083984 4900.264160 4905.983887 4912.144043 4918.264160 4924.324219 4930.483887 4935.364258 4941.384277 4945.784180 4950.304199 4953.543945
4817.244141 4815.364258 4813.583984 4811.804199 4809.904297 4807.864258 4806.023926 4804.543945 4803.684082 4802.943848 4802.144043 4801.344238 4800.824219 4800.483887 4800.344238 4800.384277 4800.804199 4801.483887 4802.264160 4803.204102 4804.463867 4806.083984 4807.884277 4809.943848 4812.364258 4815.204102 4818.264160 4821.624023 4825.164062 4828.923828 4832.904297 4837.124023 4841.543945 4846.204102 4851.244141 4856.324219 4861.563965 4866.284180 4871.344238 4876.224121 4881.404297 4886.404297 4891.664062 4896.824219 4901.483887 4905.604004 4911.083984 4915.784180 4920.963867 4923.604004 4928.164062 4931.963867 4936.784180 4941.543945
4821.604004 4820.104004 4818.764160 4817.483887 4816.384277 4815.023926 4813.664062 4812.624023 4812.023926 4811.644043 4811.204102 4810.844238 4810.604004 4810.583984 4810.583984 4811.043945 4811.644043 4812.344238 4813.063965 4814.043945 4815.324219 4816.664062 4818.023926 4819.764160 4822.043945 4824.384277 4826.764160 4829.523926 4832.904297 4836.324219 4839.784180 4843.423828 4847.344238 4851.344238 4855.904297 4860.384277 4865.344238 4869.503906 4874.204102 4878.003906 4882.664062 4886.844238 4891.764160 4896.063965 4901.144043 4905.144043 4910.264160 4914.224121 4919.304199 4923.824219 4928.604004 4933.184082 4938.483887 4943.764160
4826.443848 4825.184082 4824.124023 4823.164062 4822.483887 4821.923828 4821.224121 4820.604004 4820.104004 4819.963867 4819.884277 4819.963867 4820.264160 4820.604004 4820.904297 4821.423828 4822.523926 4823.463867 4824.784180 4825.983887 4827.463867 4827.923828 4829.423828 4831.463867 4833.184082 4834.864258 4836.644043 4839.224121 4841.744141 4844.104004 4846.324219 4849.724121 4853.184082 4856.624023 4859.664062 4863.644043 4867.864258 4871.604004 4874.884277 4878.744141 4882.904297 4887.003906 4891.023926 4895.244141 4900.063965 4904.344238 4909.324219 4913.864258 4918.724121 4923.364258 4928.503906 4933.384277 4938.043945 4942.604004
4831.304199 4830.483887 4829.724121 4829.043945 4828.404297 4828.204102 4828.083984 4827.704102 4827.324219 4827.264160 4827.583984 4827.943848 4829.344238 4830.003906 4831.583984 4832.503906 4832.384277 4833.804199 4834.644043 4836.023926 4837.144043 4838.884277 4840.404297 4841.844238 4843.324219 4844.724121 4846.264160 4847.684082 4849.523926 4851.483887 4854.124023 4856.784180 4859.384277 4861.923828 4864.784180 4868.104004 4871.304199 4874.204102 4877.124023 4880.764160 4884.364258 4887.744141 4890.844238 4894.904297 4899.043945 4903.324219 4907.704102 4911.963867 4916.224121 4920.583984 4925.463867 4930.224121 4934.423828 4938.563965
4836.563965 4836.003906 4835.523926 4835.124023 4834.704102 4834.443848 4834.503906 4834.684082 4834.804199 4834.423828 4835.204102 4836.244141 4835.983887 4837.543945 4838.324219 4839.184082 4840.083984 4841.144043 4842.684082 4844.023926 4845.604004 4847.063965 4848.784180 4850.563965 4852.264160 4854.063965 4855.824219 4857.443848 4859.043945 4860.963867 4863.003906 4864.983887 4866.904297 4868.963867 4871.423828 4873.923828 4876.344238 4878.764160 4881.503906 4884.404297 4887.364258 4890.404297 4893.423828 4896.543945 4899.664062 4903.423828 4907.204102 4911.003906 4914.744141 4918.483887 4922.503906 4926.543945 4930.784180 4934.983887
4841.523926 4840.864258 4840.604004 4841.224121 4841.463867 4841.043945 4841.384277 4841.224121 4840.824219 4841.164062 4841.164062 4841.364258 4841.864258 4842.443848 4843.364258 4844.324219 4845.503906 4846.724121 4848.083984 4849.583984 4851.144043 4852.904297 4854.724121 4856.563965 4858.364258 4860.104004 4861.884277 4863.664062 4865.563965 4867.483887 4869.404297 4871.344238 4873.244141 4875.344238 4877.364258 4879.443848 4881.583984 4883.724121 4885.864258 4888.023926 4890.463867 4892.983887 4895.583984 4898.284180 4901.083984 4904.304199 4907.503906 4910.904297 4914.304199 4917.704102 4921.083984 4924.523926 4928.164062 4931.784180
